[[[1], [4], [2, 2, 2], [1, 1, 1, 1, 2, 1], [1, 1, 2, 6, 1], [3, 1, 5, 2, 2], [2, 1, 1, 1, 1, 4], [2, 1, 1, 1, 2], [3, 2, 1, 2, 1, 2], [3, 1, 1, 1, 4, 3], [7, 2, 5], [3, 2, 1, 3], [3, 1, 1, 2, 2], [4, 1, 1, 4], [7, 2, 4], [5, 2, 2, 2], [6, 2, 1, 2, 1], [5, 3, 4, 1], [5, 2, 2, 2], [3, 4]], [[5], [8], [1, 7], [1, 7], [1, 10], [3, 1, 6], [2, 6], [7, 6], [3, 1, 4], [1, 3, 6, 1], [2, 1, 2, 1, 1], [1, 1, 6], [4, 1, 1, 5], [1, 3, 2], [4, 2, 1, 4], [2, 3, 1, 3, 3], [1, 2, 1, 4, 2, 2, 1], [1, 2, 1, 5, 1, 2, 1], [2, 2, 4, 2, 2], [1, 4, 4]]]
[[[15], [10, 5], [12, 3, 1, 1], [10, 1, 1, 1, 1], [1, 7, 1, 1], [7, 3], [1, 1, 1, 1, 1, 3], [1, 1, 1, 1, 3, 2, 1], [1, 1, 1, 1, 6, 3], [1, 1, 1, 1, 1], [1, 1, 1, 1, 3, 7], [1, 1, 1, 1, 1, 1, 1], [1, 1, 1, 1, 6, 1], [2, 1, 2, 3, 1], [7, 1, 1, 6], [1, 4], [20], [11, 1, 1], [10, 3, 2, 2], [11, 1]], [[5, 5], [4, 10, 4], [4, 1, 2, 4], [4, 1, 6, 1, 4], [4, 1, 2, 4], [4, 1, 6, 1, 4], [4, 1, 2, 4], [4, 10, 4], [5, 5], [20], [1, 1, 2, 2, 1, 2, 3, 1], [1, 1, 2, 2, 1, 2, 2, 1], [1, 2, 1, 1, 2, 1, 1, 1], [1, 1, 1, 1, 1, 1, 1, 1], [1, 1, 1, 1, 1, 1, 1, 1, 2, 1], [3, 1, 1, 1, 1, 1], [1, 1, 1, 2, 1, 1, 1], [3, 1, 1, 1, 1, 1, 2], [1, 1, 3, 1, 2, 1, 1], [3, 1, 1, 1, 1, 1, 1]]]
[[[2], [2], [2], [2], [2], [2], [11], [13], [5, 1, 1, 1, 3], [4, 1, 1, 1, 1, 1, 1], [4, 1, 1, 1, 1, 1, 1], [2, 2, 1, 1, 1, 1, 1, 1], [1, 15], [2, 15], [6, 1], [20], [1, 2], [1, 2], [2], [2]], [[1], [3], [5], [2, 2], [2, 2], [8], [8], [3, 2, 3], [2, 2, 1], [8, 1], [2, 2, 1], [8, 1], [2, 2, 1], [8, 1], [2, 2, 1], [8, 1], [2, 2, 1], [8, 1], [9, 2, 5], [20]]]
[[[4, 5], [2, 1, 7], [2, 1, 4, 4], [1, 1, 2, 6], [1, 1, 1, 1, 1], [1, 1, 1, 3], [5, 1, 1, 1], [7, 1, 3], [1, 1, 1, 1], [2, 1, 3, 1, 1], [2, 1, 2, 1, 1, 1], [2, 1, 5, 1, 1], [2, 1, 2, 1, 3], [2, 1, 5, 3], [1, 1, 4], [2, 2, 5], [5, 7], [4, 7], [1, 2, 7], [11]], [[2], [17], [1, 2, 5, 4], [1, 2, 2], [8, 5, 2], [2, 4], [1, 6, 2], [7, 1], [1, 1, 3, 1], [1, 1, 3, 1], [10], [2, 6], [12, 5], [2, 2, 4], [3, 7, 4], [2, 5, 4], [4, 1, 1, 4], [7], [4], [4]]]
[[[1], [2, 2], [2, 2, 2], [3, 2, 2], [4, 2, 2, 3], [4, 2, 2, 3], [4, 2, 2, 4], [6, 2, 4], [8, 3], [9, 2, 2], [1, 7, 3, 2], [7, 2, 2, 2], [5, 2, 2, 2], [5, 4, 2], [5, 6], [12], [11], [10], [8], [5]], [[3], [4], [1, 4], [2, 4, 3], [2, 5, 1], [2, 6], [2, 6], [9], [10], [2, 9], [7, 6], [6, 6], [2, 5], [2, 5], [5, 2, 7], [5, 11], [4, 10], [4, 6], [13], [12]]]
[[[2], [3, 3], [3, 5], [4, 2, 2], [6, 5], [2, 9, 3], [3, 11], [18], [12, 3], [3, 5, 1], [1, 1], [1, 4], [2, 7], [9], [7, 3], [7, 5], [7, 2, 2], [7, 5], [7, 3], [2, 3]], [[4], [7], [5], [2], [4], [5], [5], [5, 6], [6, 8], [5, 8], [6, 6], [7, 8], [7, 8], [8, 8], [2, 2, 3], [3, 2, 3, 3], [5, 2, 2, 5], [2, 2, 6, 2, 2], [5, 5], [3, 3]]]
[[[2], [1], [4, 1], [1, 4, 3], [9, 1], [12], [1, 1, 2, 1, 4], [1, 2, 2, 1, 4], [4, 11], [3, 1, 1, 1, 2], [3, 1, 1, 1, 2], [4, 11], [1, 2, 2, 1, 4], [1, 1, 2, 1, 4], [12], [9, 1], [1, 4, 3], [4, 1], [1], [2]], [[1, 1], [2, 2], [4], [1, 6, 1], [1, 8, 1], [1, 1], [16], [5, 5], [2, 1, 1, 2], [3, 4, 3], [9, 9], [1, 3, 1, 1, 3, 1], [3, 4, 3], [5, 5], [5, 5], [10], [10], [3, 3], [1, 1], [1, 1]]]
[[[13, 1], [5, 4, 2], [5, 1, 1, 5], [4, 1, 1, 1, 4], [5, 1, 1, 3, 2], [6, 1, 1, 4, 2], [2, 1, 4, 2], [2, 1, 5, 2], [2, 2, 3, 3, 1, 3], [7, 6, 1, 1], [2, 2, 3, 3, 1, 1], [2, 1, 5, 3], [2, 1, 4, 2], [6, 1, 1, 4, 2], [5, 1, 1, 3, 2], [4, 1, 1, 1, 3], [5, 1, 1, 5], [5, 4, 2], [13, 2], [9, 1]], [[11], [15], [5, 1, 5], [6, 3, 6], [6, 3, 6], [3, 1, 1, 1, 4], [2, 7, 3], [1, 4, 1, 1, 4, 2], [1, 3, 2], [1, 4, 1, 4, 2], [1, 1, 2], [1, 11, 2], [1, 13, 2], [2, 11, 3], [2, 3, 3, 2], [3, 5, 3], [3, 3], [15], [8, 8], [4, 1, 1, 4]]]
[[[8], [2, 2], [2, 3], [3, 2, 3, 1, 2], [4, 1, 3, 1, 1, 2], [2, 1, 3, 1, 1, 2], [3, 1, 2, 1, 1, 2], [6, 3, 1, 2], [6, 1, 2], [3, 1, 1, 2], [2, 1, 1, 2], [4, 1, 1, 2], [3, 2, 1, 2], [2, 1, 2], [2, 1, 2], [4, 1, 1], [2, 3, 3], [2, 2, 1], [2, 2], [2, 5]], [[3, 3], [10], [2, 4, 2], [2, 2, 2], [2], [2], [10], [2, 2], [2, 2, 2, 1], [2, 3, 6], [1, 5, 1, 1], [1, 3, 1, 2], [1, 1, 1, 3, 1], [1, 3, 2, 1], [1, 1], [1, 1], [17, 2], [2, 3], [15], [12]]]
[[[0], [0], [12], [16], [1, 1, 7], [1, 2, 5], [2, 1, 4], [2, 2, 1, 3], [3, 1, 1, 1], [3, 1, 2], [4, 1, 2], [5, 1, 2], [16], [18], [17], [16], [7], [0], [0], [0]], [[3], [7], [9], [1, 5], [1, 5], [1, 5], [1, 4], [1, 4], [4, 9], [2, 1, 1, 4], [2, 4], [2, 4], [2, 4], [3, 3, 5], [3, 5], [4, 5], [15], [6, 3, 4], [6, 4], [5, 4]]]
[[[0], [0], [3, 3], [2, 2, 2], [7, 2], [3, 4, 3], [2, 2, 8], [2, 7], [3, 1, 6], [3, 2, 6], [3, 1, 6], [2, 7], [2, 2, 8], [3, 4, 3], [7, 2], [3, 1, 2], [4, 3], [0], [0], [0]], [[0], [0], [9], [11], [3, 3, 3], [3, 3], [1, 1, 1, 1, 3], [3, 1, 1, 1, 1], [2, 1, 3], [2, 3, 2], [1, 2, 2], [15], [15], [7, 1], [7], [9], [9], [3, 3], [0], [0]]]
