[[[19, 3], [1, 3], [1, 5], [1, 3], [1, 3, 5], [1, 13], [1, 9, 2], [1, 9, 1, 1], [1, 8, 4], [1, 7, 6], [1, 9, 2], [1, 8, 1], [1, 9], [1, 6, 6], [1, 10, 7], [1, 21], [1, 14, 2, 2], [1, 4, 14, 1], [1, 6, 4, 1], [1, 3, 4, 2, 1], [1, 2, 9], [1, 3, 4], [1, 4, 1, 1], [1, 3, 1, 1], [6, 3, 12]], [[25], [1, 1], [1, 1], [1, 5, 1], [1, 7, 1], [1, 6, 1, 1], [1, 5, 3], [1, 4, 3, 2], [1, 4, 7], [1, 5, 6], [1, 6, 3, 1], [1, 11, 4], [1, 13, 1], [1, 9, 4, 1, 1], [1, 10, 5, 1, 1], [1, 11, 5, 1], [1, 2, 9, 5, 1], [1, 1, 11, 2, 1], [1, 1, 4, 8, 1], [1, 4, 2, 5, 1], [2, 3, 2, 3, 1, 1], [2, 2, 3, 2, 1, 1], [2, 2, 2, 2, 1, 1], [1, 3, 3, 3, 1, 1], [3, 3, 3, 1, 3]]]
[[[4], [3, 8, 1], [2, 1, 4, 1], [3, 13, 2], [3, 12, 5], [2, 1, 6, 4], [4, 9, 2, 3], [18, 1], [22], [21], [19], [6, 5, 3], [6, 2, 2], [12, 2], [13, 1], [12, 1], [13], [9, 2], [8, 2, 1], [11], [11], [10], [5, 2], [1], [1]], [[5], [7], [1, 2, 3], [3, 4], [1, 3], [1, 3], [1, 4], [1, 2, 5], [1, 2, 6], [1, 2, 7], [1, 2, 9], [1, 2, 11], [1, 2, 13], [1, 2, 14], [10, 9], [10, 9], [4, 5, 9], [4, 5, 10], [3, 5, 10], [1, 2, 4, 10], [1, 1, 3, 6, 4], [2, 3, 5, 5], [3, 4, 3, 4], [11, 2, 4], [6, 7, 2, 5]]]
[[[2], [3], [4], [1, 4], [12], [13], [14, 1], [14, 2], [20], [17], [10], [8], [8], [8], [2, 7], [2, 7], [4, 6], [4, 7], [3, 9], [3, 10, 1], [4, 13, 2], [22], [13, 3], [2, 6], [2]], [[1], [2], [4, 6], [1, 4, 7], [9, 10], [10, 4, 4], [9, 2], [8, 3], [20], [20], [21], [21], [19], [19], [10, 6], [8, 5], [4, 4], [2, 3], [2, 2], [2, 3], [2, 2], [2, 2], [1, 1], [2, 2], [2, 2]]]
[[[25], [1, 7, 9], [2, 5, 2, 8], [4, 3, 4, 7], [6, 5, 6], [8, 8, 5], [1, 7, 2, 5], [2, 4, 2, 9], [5, 3, 8], [1, 3, 1, 8], [8, 3, 1, 7], [9, 2, 4], [9, 1, 1, 8], [6, 1, 1, 3], [4, 2, 6, 3, 3], [4, 5, 2, 3], [10, 4, 1, 1, 3], [11, 2, 4], [11, 6, 5], [11, 5, 6], [11, 3, 7], [12, 8], [13, 10], [25], [25]], [[2, 4, 9], [1, 2, 2, 4, 9], [1, 4, 1, 5, 9], [1, 5, 1, 5, 9], [1, 4, 1, 5, 9], [2, 3, 4, 9], [3, 4, 4, 10], [3, 3, 3, 10], [4, 3, 3, 11], [4, 3, 3, 11], [4, 8], [2, 6, 3, 4], [1, 9, 3, 2, 3], [1, 4, 5, 3, 3, 2], [1, 5, 3, 3, 2], [1, 4, 2, 5, 3, 3], [2, 4, 1, 3, 3], [3, 5, 1, 3, 4], [4, 6, 3, 5], [5, 4, 5, 6], [6, 4, 4, 7], [6, 6, 8], [6, 6, 11], [6, 6, 11], [6, 6, 11]]]
[[[25], [1, 1, 2, 3, 1, 5], [2, 4, 5, 4], [3, 4, 1, 3, 3, 1], [3, 1, 4, 3, 1, 1, 1, 1], [2, 3, 4, 3, 2, 1], [1, 1, 5, 1, 1, 1], [1, 1, 1, 3, 1, 1], [2, 3, 6, 1, 1], [2, 1, 4, 2, 1, 1], [3, 8, 3, 1], [4, 7, 5], [4, 5, 2, 4], [8, 9, 2, 3], [16, 3, 3], [6, 5, 2, 2, 4], [1, 3, 6, 2, 2], [1, 3, 1, 1, 12, 2], [1, 2, 1, 1, 1, 1, 3, 1], [1, 3, 1, 2, 1, 1], [1, 1, 2, 3, 1, 1], [1, 1, 5, 1], [4, 3, 1], [1, 1, 1, 2, 1], [2, 4, 17]], [[12, 12], [1, 4, 8, 1, 1], [1, 2, 8, 3], [1, 1, 8, 1, 1], [1, 3, 1, 8, 1], [1, 1, 3, 3, 2, 2], [3, 1, 2, 1, 1, 1], [1, 4, 2, 1], [11, 1, 2, 1, 1], [7, 8, 1, 1], [1, 16, 1], [1, 12, 2, 1], [1, 3, 12, 1], [5, 1, 8, 3, 1], [3, 2, 3, 2, 2, 2, 1], [25], [1, 2, 1, 2, 1, 1, 1, 2], [5, 2, 2, 1], [1, 2, 2, 1], [1, 3, 2, 1], [2, 3, 2, 1, 2, 1], [4, 2, 4, 3, 1], [5, 6, 1], [3, 7, 1], [25]]]
[[[2], [8, 2], [8, 8], [7, 2, 2, 8], [7, 2, 2, 2], [2, 2, 2, 2], [2, 4], [2, 2, 8], [7, 8], [7, 8, 2, 2], [8, 2, 2], [2, 2, 2, 8], [2, 2, 2, 8], [2, 2, 2], [7, 8], [7, 8, 8], [2, 8, 2], [6, 2, 2, 2], [6, 2, 2, 2], [2, 2, 2], [7, 2, 2, 8], [7, 2, 2, 8], [7, 2, 2, 2], [3, 3, 2, 2, 2], [2, 2, 2, 2]], [[2, 2, 4, 2], [2, 2, 5, 2], [2, 2, 2, 2, 2], [2, 2, 2, 2, 2], [2, 2, 2, 2, 2], [7, 2, 5], [7, 2, 4], [0], [4, 5, 8], [5, 5, 9], [2, 2, 2, 2, 2], [2, 2, 5, 9], [2, 2, 5, 8], [2, 2, 2, 2, 2], [5, 5, 2, 3], [4, 5, 2, 2], [0], [6, 6, 2, 5], [6, 6, 2, 5], [2, 2, 2, 2, 2], [2, 2, 2, 2, 5], [2, 6, 2, 5], [2, 6, 2, 2], [2, 2, 2, 5, 5], [2, 2, 2, 5, 5]]]
[[[7], [7], [3, 2], [1, 2], [7], [7], [1, 1, 1, 2], [1, 1, 1, 2], [1, 1, 1, 2], [1, 1, 1, 2], [2, 1, 1, 1, 2], [4, 2, 6, 1, 2], [5, 8, 1, 3, 2], [5, 2, 1, 2, 5, 2], [4, 1, 1, 4, 3, 2], [1, 1, 1, 3, 6], [1, 2, 3, 2, 1, 6], [1, 4, 3, 6], [1, 4, 5, 6], [2, 4, 4, 6], [2, 4, 3, 9], [4, 2, 1, 2, 1], [4, 3, 12], [9, 4, 3], [8, 3]], [[12], [3, 6], [7, 4], [5, 3, 4], [4, 3, 2], [2, 3, 2], [1, 1, 3, 2], [2, 1, 2, 2], [7, 1, 1, 2], [4, 1, 1], [1, 1, 1, 2], [1, 3, 3], [2, 3], [4, 6], [2, 5, 2], [1, 2, 2, 2], [2, 1, 1, 1, 1, 2], [3, 3, 4], [3, 2, 1, 1, 3], [21, 1], [2, 2, 9, 1], [21, 1], [6, 6, 3], [21], [17, 3]]]
[[[1], [1], [2], [1, 1], [4], [3], [3], [3], [4], [5], [5], [7], [8], [3, 7], [4, 9], [2, 11], [2, 9, 4], [3, 10, 5], [6, 11, 4], [4, 11, 4], [2, 9, 3], [7, 1], [8, 1], [8], [4]], [[1], [2, 1], [3, 2], [3, 3], [3, 4], [2, 5], [2, 5], [2, 6], [2, 7], [1, 7], [1, 7], [2, 2, 5], [1, 2, 1, 6], [7, 1, 6], [4, 1, 6], [4, 9], [13], [11], [8], [9], [9], [9], [7], [4], [4]]]
[[[4], [2, 1], [2, 4], [2, 2, 1], [3, 2], [2, 7], [3, 8], [3, 8], [3, 9], [3, 12], [15, 2], [18, 1], [7, 9, 1], [4, 12], [5], [7], [9], [9], [2, 10], [4, 11, 1], [15, 6], [3, 4, 5], [2], [2], [1]], [[1, 1], [4, 3], [6, 5], [3, 4, 3], [9, 3], [2, 5, 4], [5, 3], [5, 2], [1, 6, 2], [3, 7, 5], [2, 18], [1, 18], [1, 18], [2, 17], [18], [11, 7], [2, 3, 6], [1, 3, 4], [1, 2, 2], [2, 1, 2], [1, 1], [4, 1], [1, 1], [1], [2]]]
[[[12, 2, 4, 2], [2, 8, 2, 6], [7, 2, 2, 5], [9, 2, 4], [8, 2, 3], [7, 1, 2], [1, 4, 1, 1], [5, 4, 4], [6, 4, 1, 1, 4], [5, 1, 2, 1, 2, 1], [4, 1, 2, 1, 1, 2], [3, 3, 1, 1, 3], [2, 5, 1, 1, 4], [2, 7, 2, 4, 1], [2, 8, 1, 1, 6], [2, 9, 1, 1, 3], [2, 7, 5, 6], [2, 5, 5, 3], [3, 3, 6, 6], [4, 7, 5], [5, 5, 4], [14, 5, 2], [2, 11, 5, 2], [11, 3, 1, 4], [17, 6]], [[21, 3], [6, 18], [1, 10, 4, 2], [11, 6], [10, 4, 5], [7, 1, 6, 4], [6, 1, 8, 4], [2, 2, 9, 4], [4, 8, 4], [3, 6, 4], [2, 2, 4, 5], [1, 2, 2, 4, 1], [4, 1, 7], [4, 9], [1, 7, 2], [2, 1, 4, 1], [2, 1, 4, 4], [2, 12, 2], [1, 2, 1, 2], [2, 2, 8, 1, 2, 2, 1], [3, 2, 1, 2, 1, 2, 2, 1], [4, 2, 3, 1, 3, 2], [4, 1, 10, 2], [6, 1, 3, 11], [7, 11, 5]]]
[[[2], [4], [4], [6], [0], [24], [23], [1, 1], [3], [2], [1, 1], [1, 1], [1, 1, 1, 12], [1, 1, 1, 10], [1, 1, 1, 1, 1], [1, 1, 1, 1, 1], [11, 5], [11, 5], [1, 1, 1, 1, 2, 1, 1], [1, 1, 1, 1, 1, 2], [1, 2, 1, 1, 1, 2], [1, 2, 1, 12], [2, 1, 2, 11], [2, 2, 1], [1, 1]], [[2, 2], [3, 3], [2, 2], [2, 2, 2], [2, 15], [1, 2, 2], [1, 3, 2, 2], [1, 2, 1, 11], [2, 2, 2, 2], [3, 2, 2, 2, 2], [3, 2, 15], [3, 2], [2, 2, 1, 2], [2, 12], [2, 2, 3, 2], [2, 2, 2, 2], [2, 2, 2, 2], [2, 11], [2, 2, 2], [2, 2, 2], [2, 2, 2], [2, 2, 2], [2, 2, 2, 2], [1, 1, 3], [1]]]
[[[2], [7, 3], [7, 1, 1, 2], [1, 7], [7, 7, 5], [7, 1, 1, 1, 1, 1], [1, 1, 1], [7], [7, 3, 1], [1, 1, 1, 1, 1, 1], [1, 1, 1, 6, 1, 3], [1, 1, 1, 7], [1, 1, 5], [7, 7, 1], [7, 6, 5], [1, 1], [7, 7, 5], [2, 3, 7, 2], [1, 2], [7, 1, 5], [7, 1], [1, 1, 1, 7, 5], [1, 1, 1, 7, 1, 1], [1, 1, 1, 1, 1, 1], [1, 3]], [[2, 2, 5, 4, 5], [2, 2, 2, 2, 2, 2], [2, 2, 2, 2, 2, 2], [5, 5, 4, 5], [2, 2, 2, 2, 2, 2], [2, 2, 2, 2, 2, 2], [2, 2, 5, 2, 2, 5], [0], [4, 3, 2, 2], [2, 2, 2, 3, 3], [2, 2, 2, 2, 1, 2], [2, 5, 2, 2], [2, 2, 2, 2, 2], [2, 2, 2, 2, 2], [4, 2, 2, 2, 2], [0], [0], [0], [0], [0], [1, 1, 3, 3, 1, 1, 1, 1, 4], [1, 1, 1, 1, 1, 1, 2, 1, 1], [1, 3, 3, 1, 1, 4, 1, 2], [1, 1, 1, 1, 1, 1, 2, 1, 1], [1, 3, 3, 3, 1, 1, 4]]]
[[[0], [0], [0], [0], [1, 1], [5], [1, 1, 2], [4, 3], [2, 10], [3, 5, 6], [1, 1, 9, 5], [4, 1], [10, 2, 1], [13], [2, 13], [1, 1, 4, 7], [3, 5, 8], [6, 8], [3, 9], [12], [13], [14], [3, 5], [2], [1]], [[0], [0], [4], [1, 2, 1, 3], [3, 4, 1, 1], [1, 2, 4], [3, 1, 1, 2, 3], [1, 1, 1, 1, 3, 3], [2, 1, 1, 2, 2], [3, 1, 1, 2, 2], [2, 1, 1, 3, 2], [3, 5, 3], [3, 4, 3], [3, 4, 3], [3, 2, 4], [3, 2, 5], [2, 4, 7], [3, 11], [2, 10], [2, 9], [2, 9], [2, 8], [2, 7], [1, 7], [0]]]
